   -0.0222135254
   -0.0334178579
   -0.0104144145
    0.0149792185
   -0.0528092350
   -0.0507203162
   -0.0284751123
   -0.0526977520
   -0.0380077971
    0.0244541941
   -0.0281148164
   -0.0102395701
   -0.0016537798
   -0.0025553884
   -0.0019272096
   -0.0156643645
   -0.0050231987
    0.0120224462
    0.0154141333
    0.0075674786
   -0.0168766093
   -0.0217025337
   -0.0067171854
    0.0168135347
   -0.0118859121
   -0.0224874974
   -0.0144701531
    0.0178375780
   -0.0095062010
   -0.0146958567
    0.0126145855
   -0.0020671129
    0.0105966081
   -0.0070986884
    0.0015744442
   -0.0287249464
   -0.0171272871
   -0.0423022876
   -0.0432447018
   -0.0337027908
    0.0031511619
   -0.0413468625
   -0.0509721989
   -0.0517617470
   -0.0476572508
   -0.0343871777
   -0.0446766388
   -0.0527645333
   -0.0515750072
   -0.0439669409
   -0.0224686298
   -0.0202810346
   -0.0112053477
   -0.0232410286
   -0.0418271296
   -0.0468090901
   -0.0385781759
   -0.0339461994
    0.0011144669
    0.0053395226
    0.0100164468
    0.0063070807
    0.0092235442
    0.0014428758
    0.0123127216
    0.0098555406
   -0.0040467897
   -0.0035769222
    0.0020174618
    0.0013897008
   -0.0022620612
    0.0048453381
    0.0057162926
    0.0047906671
    0.0036659315
    0.0052703086
    0.0029091262
    0.0010924596
    0.0012660569
    0.0035098224
    0.0038802450
    0.0023013893
    0.0022369765
    0.0024164468
   -0.0001826737
    0.0025199985
    0.0037723871
    0.0023834879
    0.0024644929
    0.0007435785
   -0.0011105513
    0.0006036884
   -0.0044231269
    0.0003855679
    0.0003836081
   -0.0000375508
   -0.0048146326
   -0.0010969158
    0.0000312468
   -0.0035268132
    0.0048946902
    0.0032286935
    0.0033851658
    0.0059986201
    0.0085630469
    0.0083697710
    0.0067599599
    0.0046410279
    0.0043888908
    0.0067033726
    0.0075180016
    0.0030105584
    0.0012208609
    0.0057786805
    0.0033630063
    0.0049196544
    0.0019507199
   -0.0031444273
   -0.0017158535
    0.0004573902
   -0.0080048514
   -0.0257025325
   -0.0113740915
    0.0034865402
    0.0037199409
    0.0031882798
    0.0034167017
    0.0029015164
    0.0017389891
    0.0023371449
    0.0023222824
    0.0006024835
   -0.0008765930
    0.0035802678
    0.0016644496
    0.0124717948
    0.0060675026
    0.0074920277
    0.0153062319
    0.0091156625
    0.0170991867
    0.0085335672
    0.0109452187
    0.0114186171
    0.0063221494
    0.0028468384
    0.0003729503
    0.0064855393
    0.0026696246
   -0.0044781529
    0.0039581943
   -0.0011566104
    0.0022280566
   -0.0110371472
   -0.0031130267
   -0.0179350101
    0.0003275824
   -0.0048436304
   -0.0214669008
   -0.0017211786
   -0.0126737869
    0.0205665901
    0.0199816793
    0.0143294054
    0.0109255297
    0.0112910645
    0.0106495555
    0.0086214739
    0.0062239313
    0.0068815538
    0.0072524075
    0.0042209666
    0.0048032878
   -0.0143173320
   -0.0104198005
    0.0023294007
    0.0025117043
    0.0038645839
    0.0076910079
    0.0100271815
    0.0041561454
    0.0079148837
    0.0091418865
    0.0064366557
    0.0042135594
    0.0071521226
    0.0138568544
    0.0238209911
   -0.0151751938
    0.0110943032
    0.0220324440
    0.0257410287
   -0.0079329863
    0.0139651976
    0.0231855744
    0.0253677680
    0.0196337027
    0.0134298521
    0.0027639596
    0.0141214802
    0.0241683168
    0.0232973162
   -0.0099822516
    0.0272742759
    0.0271687586
    0.0230338887
   -0.0241690857
   -0.0026233071
   -0.0249607183
   -0.0066230305
   -0.0239501022
   -0.0015482426
    0.0272600911
    0.0334948903
    0.0342557977
    0.0331008049
    0.0418459659
    0.0360341749
    0.0285175995
    0.0415204660
    0.0322609999
    0.0274495827
    0.0226167757
   -0.0138348546
   -0.0214395655
   -0.0069464602
    0.0104342411
   -0.0227017819
   -0.0356655715
   -0.0345907390
   -0.0201502665
    0.0220253115
   -0.0412354352
   -0.0334392755
   -0.0161222063
   -0.0332518073
   -0.0261537076
   -0.0102851546
   -0.0027006752
   -0.0003878594
   -0.0001529087
   -0.0089150385
   -0.0028288098
    0.0077551273
    0.0101863368
    0.0052110697
   -0.0105855465
   -0.0140630880
   -0.0050893325
    0.0119088326
   -0.0071523314
   -0.0157691585
   -0.0129601995
    0.0155129122
   -0.0045211169
   -0.0134468638
    0.0140998780
   -0.0033727945
   -0.0068946054
    0.0100466808
    0.0017175798
    0.0023830383
   -0.0184136020
   -0.0097221014
   -0.0282278999
   -0.0304139084
   -0.0217545103
   -0.0322446512
   -0.0381053264
   -0.0381395795
   -0.0329009245
   -0.0172545086
   -0.0373786134
   -0.0418526156
   -0.0412727125
   -0.0363765427
   -0.0233024532
    0.0052742860
   -0.0334366658
   -0.0405387580
   -0.0400595546
   -0.0334236176
   -0.0172105508
   -0.0160274138
   -0.0103728612
   -0.0182672641
   -0.0313519509
   -0.0355997092
   -0.0291195520
   -0.0258026927
    0.0025556715
    0.0143944908
    0.0078424613
    0.0053477494
    0.0052712526
    0.0076934993
    0.0097724179
    0.0048404783
   -0.0051889936
   -0.0003563853
   -0.0021132992
   -0.0073299798
    0.0017088709
    0.0023961401
    0.0015988495
    0.0008678798
    0.0034658618
    0.0041168055
    0.0038799637
    0.0043139512
    0.0027764172
    0.0034304558
    0.0028846344
    0.0009469291
    0.0026260454
    0.0009803052
    0.0026555768
    0.0032262455
    0.0024781067
    0.0004883737
    0.0001232033
    0.0019583283
    0.0005263904
    0.0013194185
    0.0025505715
    0.0019193989
    0.0014680113
    0.0016915798
    0.0001727724
   -0.0017920565
   -0.0005944353
   -0.0008391222
   -0.0049547455
   -0.0008895932
   -0.0006049563
   -0.0017679800
   -0.0060343539
   -0.0016780942
   -0.0004902424
   -0.0005331315
   -0.0038345213
   -0.0017084812
   -0.0003543054
   -0.0006849916
   -0.0007861209
    0.0046367651
    0.0036306244
    0.0033426381
   -0.0014174755
    0.0028795102
    0.0059504614
    0.0060478798
    0.0053504389
    0.0041772529
    0.0033784552
    0.0029663807
    0.0049161176
    0.0052562341
    0.0024163742
    0.0051164474
    0.0035014937
    0.0019045327
    0.0034533728
    0.0004991793
   -0.0020815050
    0.0000558995
    0.0006020315
   -0.0043594161
   -0.0121342283
   -0.0064518860
   -0.0211665474
    0.0025429631
    0.0024703570
    0.0021094657
    0.0019895650
    0.0036207918
    0.0020486297
    0.0018171023
    0.0015523219
    0.0014054563
    0.0002162490
   -0.0015947068
    0.0022133356
   -0.0011377864
   -0.0002095785
   -0.0000200408
    0.0099439018
    0.0052534853
    0.0052004152
    0.0162445073
    0.0105971318
    0.0071634018
    0.0120755022
    0.0075155905
    0.0102430116
    0.0094570310
    0.0045543336
    0.0016870608
    0.0079668508
    0.0047977496
    0.0012983587
   -0.0036908661
    0.0063009321
    0.0034545454
   -0.0013199476
   -0.0087144959
    0.0034148225
    0.0005799211
    0.0015119769
   -0.0100472956
   -0.0042342055
   -0.0137165723
   -0.0012999341
   -0.0058281587
   -0.0176158280
   -0.0023099917
   -0.0087765126
   -0.0240682329
    0.0180014099
    0.0134403418
    0.0100997227
    0.0153310071
    0.0121478515
    0.0101794626
    0.0081372743
    0.0086972164
    0.0084907715
    0.0075502850
    0.0056810030
    0.0059428234
    0.0049581160
    0.0032956887
    0.0041503791
   -0.0046899522
   -0.0016103174
    0.0040883750
    0.0102455193
    0.0036948478
    0.0057563435
    0.0077153677
    0.0076794713
    0.0031591270
    0.0056846745
    0.0069337344
    0.0065339170
    0.0047048873
    0.0054849570
    0.0044232376
    0.0148534499
    0.0020392569
    0.0134263246
    0.0189048462
    0.0221129981
   -0.0052964034
    0.0091612177
    0.0167429761
    0.0203073988
    0.0215779133
    0.0075710223
    0.0160561715
    0.0196223643
    0.0200294176
    0.0131111259
    0.0098637895
    0.0023973583
    0.0159655394
    0.0187306881
    0.0155581139
   -0.0065850130
    0.0216604553
    0.0218920262
    0.0223460030
    0.0224613395
    0.0205581723
   -0.0275226760
   -0.0000180285
   -0.0093926254
   -0.0013973399
   -0.0120648358
   -0.0178595392
   -0.0026115156
    0.0190093857
    0.0174104851
    0.0244539469
    0.0245794073
    0.0102384331
    0.0266184158
    0.0307840763
    0.0273942687
    0.0141350867
    0.0294756887
    0.0326656567
    0.0269156877
    0.0214551197
    0.0302962293
    0.0229487480
    0.0203198392
    0.0145819541
   -0.0002691235
   -0.0089313400
   -0.0142813277
   -0.0046189984
    0.0076433281
   -0.0155772760
   -0.0246659278
   -0.0241411047
   -0.0144091556
   -0.0001772296
    0.0167515461
   -0.0309064750
   -0.0253920271
   -0.0129152925
    0.0199413724
   -0.0288427800
   -0.0264679535
   -0.0175126910
    0.0174534943
   -0.0201802941
   -0.0156422886
   -0.0050776392
    0.0006267184
    0.0011108445
   -0.0057734480
    0.0086171365
    0.0052779073
   -0.0062431465
   -0.0101964417
   -0.0057734004
    0.0103566838
   -0.0035424988
   -0.0107436063
   -0.0103178105
    0.0130490780
   -0.0014363332
   -0.0088580018
    0.0118567657
   -0.0005415974
   -0.0045069611
    0.0082794040
    0.0024241127
   -0.0000654047
   -0.0133156289
   -0.0060512297
   -0.0234034364
   -0.0226958348
   -0.0129226645
   -0.0275854260
   -0.0308552701
   -0.0297236253
   -0.0235984479
   -0.0076220995
   -0.0316620118
   -0.0339301553
   -0.0325108989
   -0.0269562298
   -0.0137568417
   -0.0298783288
   -0.0330827419
   -0.0313065204
   -0.0242576013
   -0.0097791970
   -0.0115198528
   -0.0133946896
   -0.0245498205
   -0.0284828622
   -0.0227345245
   -0.0200545143
    0.0022214170
    0.0013650244
    0.0040509978
    0.0029302993
    0.0100276120
    0.0066531585
    0.0047651790
    0.0034773558
    0.0051986197
    0.0069890846
    0.0021603051
   -0.0051492116
   -0.0026536846
   -0.0072884856
    0.0008557520
    0.0012699880
    0.0005854770
   -0.0003298816
    0.0025100780
    0.0029159788
    0.0028754692
    0.0035475430
    0.0025865072
    0.0027221393
    0.0024443076
    0.0019025327
    0.0025987275
    0.0030383644
    0.0026019618
    0.0009768212
   -0.0012956945
    0.0019742567
    0.0008471776
    0.0013517077
    0.0020399264
    0.0010979508
    0.0008263732
    0.0013203216
   -0.0023548548
   -0.0012813098
   -0.0056712813
   -0.0016934825
   -0.0011928826
   -0.0024854755
   -0.0063327041
   -0.0021229908
   -0.0009153614
   -0.0008476261
   -0.0015150885
   -0.0003892692
   -0.0016143965
   -0.0010586978
    0.0034352182
    0.0027262300
    0.0025990583
   -0.0043755605
    0.0017262852
    0.0045153559
    0.0045116165
    0.0040891485
    0.0031976440
    0.0024514811
    0.0014713973
    0.0031891470
    0.0038206419
    0.0047861722
    0.0026050956
    0.0012379151
    0.0041725871
    0.0013531984
   -0.0016505632
   -0.0031259637
    0.0002498309
   -0.0019005946
   -0.0077270771
   -0.0156297350
   -0.0113857031
    0.0020590329
    0.0017595724
    0.0012251205
    0.0013868246
    0.0036758671
    0.0021447749
    0.0015894916
    0.0006945221
    0.0004832670
   -0.0004194703
   -0.0025685740
    0.0018687976
   -0.0014554919
   -0.0005189939
    0.0081795151
    0.0042259853
    0.0034618477
    0.0139673757
    0.0089818925
    0.0059437628
    0.0148316515
    0.0086453181
    0.0059825602
    0.0142939210
    0.0071811669
    0.0032141860
    0.0009686989
    0.0061590866
    0.0028612487
   -0.0010756708
   -0.0069269463
    0.0044062155
    0.0009462512
   -0.0048574252
    0.0029185811
   -0.0004869720
   -0.0086546852
   -0.0039500348
   -0.0129170312
   -0.0014795411
   -0.0053251159
   -0.0138903455
   -0.0071731112
   -0.0178595496
    0.0146018130
    0.0114111934
    0.0125769251
    0.0101821405
    0.0083509087
    0.0065798920
    0.0079950099
    0.0072253578
    0.0059117496
    0.0042235215
    0.0053362755
    0.0042222250
    0.0029944918
   -0.0051110016
   -0.0033193315
    0.0012821175
    0.0072625593
    0.0024215511
    0.0038173101
    0.0059393138
    0.0071882647
    0.0044965798
    0.0056125640
    0.0056109877
    0.0044858561
    0.0030022739
    0.0122830238
   -0.0033165337
    0.0078203514
    0.0138396448
    0.0171642849
    0.0038680193
    0.0114952301
    0.0156640868
    0.0176835529
    0.0188237351
    0.0027464703
    0.0109299818
    0.0152237788
    0.0168266860
    0.0075585723
    0.0011115465
    0.0130639639
    0.0153098877
    0.0184457624
    0.0182401228
    0.0183447144
   -0.0117536641
   -0.0034158320
   -0.0152845713
   -0.0120732769
   -0.0029806345
    0.0187071312
    0.0191957277
    0.0099493359
    0.0214663096
    0.0241136138
    0.0215421377
    0.0126805160
    0.0235077056
    0.0257013996
    0.0210402544
    0.0174909844
    0.0236364144
    0.0173878852
    0.0141077058
    0.0000961522
   -0.0059433226
   -0.0098080024
   -0.0030808541
    0.0058027445
   -0.0108652099
   -0.0174845403
   -0.0172537456
   -0.0104636870
   -0.0004503347
    0.0080099766
    0.0129016059
   -0.0201100979
   -0.0232008848
   -0.0204737681
   -0.0129351730
   -0.0233611220
   -0.0225467735
   -0.0168294493
   -0.0075286596
    0.0163066130
   -0.0192098452
   -0.0187202445
   -0.0134446560
   -0.0047876167
   -0.0039778163
    0.0039552639
    0.0010736195
    0.0014387771
   -0.0032397642
    0.0061759274
    0.0040290021
   -0.0033317310
   -0.0066734413
   -0.0050523162
    0.0088632760
    0.0120482575
    0.0075829775
   -0.0018039173
   -0.0073093593
   -0.0080422591
    0.0103498985
    0.0004589667
   -0.0058537281
   -0.0080686543
    0.0109617078
    0.0010968349
   -0.0045892981
    0.0092793355
    0.0017510390
   -0.0012923160
    0.0062929377
    0.0031239701
    0.0055247236
   -0.0023478284
    0.0007134189
   -0.0034031361
   -0.0170314572
   -0.0149038772
   -0.0059020266
   -0.0213613427
   -0.0233221171
   -0.0214595880
   -0.0149152115
    0.0001015363
   -0.0202789801
   -0.0251570525
   -0.0269088771
   -0.0260990079
   -0.0224918908
   -0.0145486916
   -0.0230444789
   -0.0271305136
   -0.0279152391
   -0.0259196268
   -0.0205056878
   -0.0096663327
    0.0020319772
   -0.0204050631
   -0.0253729878
   -0.0264358014
   -0.0240765902
   -0.0179161377
   -0.0077650412
   -0.0097167721
   -0.0109883828
   -0.0193069228
   -0.0224772860
   -0.0180032245
   -0.0159002580
    0.0026325881
    0.0020794432
    0.0014257072
    0.0038224299
    0.0113976235
    0.0027198438
    0.0014983236
   -0.0164180286
    0.0119957986
    0.0077641669
    0.0057115942
    0.0042166017
    0.0031744521
    0.0032669760
    0.0037181535
    0.0050204884
    0.0040977561
    0.0006555766
   -0.0047589467
   -0.0046947183
   -0.0113813963
   -0.0004738374
   -0.0017378939
   -0.0039568675
    0.0010445542
    0.0013942680
    0.0011924873
    0.0009214508
    0.0021802782
    0.0023327479
    0.0023996070
    0.0029784566
    0.0021680091
    0.0020205197
    0.0024282170
    0.0002033202
    0.0023415878
    0.0026406585
    0.0020720137
    0.0004755357
   -0.0016365442
   -0.0014997919
    0.0016213082
    0.0010723563
    0.0013474404
    0.0015977630
    0.0006578090
    0.0004954491
    0.0010830617
   -0.0021394921
   -0.0016466887
   -0.0050788220
   -0.0020016822
   -0.0017700733
   -0.0032919104
   -0.0066809421
   -0.0024339862
   -0.0013060146
   -0.0015594324
   -0.0050640460
   -0.0020767744
   -0.0009927924
   -0.0004691338
    0.0007483263
    0.0004856564
    0.0031310018
    0.0026651267
    0.0025586960
   -0.0018908761
   -0.0040532752
    0.0002896180
    0.0033598534
    0.0034267012
    0.0032742928
    0.0026642873
    0.0019409424
    0.0008934946
    0.0021434542
    0.0028272733
    0.0021803245
    0.0011099662
    0.0041609409
    0.0014313997
   -0.0008715863
   -0.0016537022
    0.0005373195
    0.0015749535
   -0.0018615711
   -0.0060031349
   -0.0098612900
   -0.0073324835
   -0.0163080653
   -0.0144725924
    0.0017491317
    0.0013691989
    0.0008413378
    0.0012146308
    0.0032074284
    0.0021442545
    0.0015030877
    0.0007064037
    0.0002674044
   -0.0006640663
   -0.0022871064
    0.0015160740
   -0.0013885632
   -0.0009658141
    0.0068383648
    0.0038165465
    0.0031658407
    0.0112565574
    0.0077714274
    0.0052864385
    0.0128683928
    0.0080587649
    0.0056213513
    0.0107031328
    0.0061123474
    0.0049574293
    0.0017116790
   -0.0017484136
    0.0038167200
    0.0004681692
   -0.0044956674
    0.0033798893
   -0.0000471920
   -0.0056964844
    0.0022391119
   -0.0010516349
   -0.0072563908
   -0.0039949695
   -0.0116144629
   -0.0058063975
   -0.0134280163
   -0.0072924347
   -0.0160006871
   -0.0102774095
    0.0124834082
    0.0125461948
    0.0099594612
    0.0080223824
    0.0087419181
    0.0073919716
    0.0059444209
    0.0065850502
    0.0058910322
    0.0047135600
    0.0032073980
    0.0046233440
    0.0035907132
   -0.0108794312
   -0.0092527420
   -0.0010012970
   -0.0008499346
    0.0014533905
    0.0047138082
    0.0076822876
    0.0026775989
    0.0035881002
    0.0050824973
    0.0059969509
    0.0037647387
    0.0046386357
    0.0047839094
    0.0038037071
    0.0055884664
    0.0109102082
    0.0142113227
   -0.0008855312
    0.0067570200
    0.0113735266
    0.0140734075
    0.0157801901
    0.0012276620
    0.0079921311
    0.0120488685
    0.0142647595
    0.0153265812
    0.0092278748
    0.0125495803
    0.0138776177
    0.0059716075
    0.0012327999
    0.0102354142
    0.0120739980
    0.0095340940
    0.0148830346
    0.0150196063
    0.0167345198
    0.0154582745
    0.0143093419
   -0.0174763485
   -0.0037622789
   -0.0134149093
   -0.0103597938
   -0.0030568842
    0.0138788192
    0.0144006627
    0.0080189729
    0.0163325413
    0.0183524777
    0.0167626776
    0.0126426168
    0.0193141662
    0.0203570613
    0.0174214026
    0.0098150715
    0.0183425040
    0.0202916535
    0.0161605541
    0.0115969095
    0.0175111307
    0.0126850123
    0.0091341250
