  -1.8861488657    2.4445324962    2.9953466547
  -2.4111488657    3.3538591702    2.9953466547
  -3.4611488657    3.3538591702    2.9953466547
  -3.9861488657    2.4445324962    2.9953466547
  -1.4062003117    3.4277707289    2.2266933067
  -2.1806529615    4.0988377699    2.2266933067
  -3.1949702227    4.2446745753    2.2266933067
  -1.7432128975    4.1727986146    1.1766933067
  -2.6830218371    4.5292211318    1.1766933067
  -4.5080214368    1.0519749139    1.1766933067
  -2.1806529615    4.0988377699    0.1266933067
  -3.1949702227    4.2446745753    0.1266933067
   2.3747996901    0.3627707274    0.8856933061
   3.1358511372   -1.5174675057    1.9296933061
   4.1158511372   -1.5174675057    1.6671030976
   3.6258511372   -0.6687626100    1.6671030976
   2.6458511372   -0.6687626100    1.6671030976
   2.6458511372   -2.3661724014    1.6671030976
   3.6258511372   -2.3661724014    1.6671030976
   4.8332609286   -1.5174675057    0.9496933061
   4.5090845049   -0.5197550632    0.9496933061
   3.6603796092    0.0968651373    0.9496933061
   2.6113226653    0.0968651373    0.9496933061
   5.0958511372   -1.5174675057   -0.0303066939
   4.8332609286   -0.5374675057   -0.0303066939
   4.1158511372    0.1799422857   -0.0303066939
   3.1358511372    0.4425324943   -0.0303066939
   4.8332609286   -1.5174675057   -1.0103066939
   4.5090845049   -0.5197550632   -1.0103066939
   3.6603796092    0.0968651373   -1.0103066939
   4.1158511372   -1.5174675057   -1.7277164853
   3.6258511372   -0.6687626100   -1.7277164853
   3.1358511372   -1.5174675057   -1.9903066939
   3.0878511362    0.6485324953   -0.8953066943
   1.7433470404    2.3028377691   -1.9453066943
   1.0238511365   -3.6651724020    1.0761030973
   2.0038511365   -3.6651724020    1.0761030973
   0.1406177688   -3.8141799488    0.3586933059
   0.9893226645   -4.4308001493    0.3586933059
   2.0383796084   -4.4308001493    0.3586933059
   2.8870845041   -3.8141799488    0.3586933059
  -0.4461488635   -2.8164675063   -0.6213066941
  -0.1835586550   -3.7964675063   -0.6213066941
   0.5338511365   -4.5138772977   -0.6213066941
   1.5138511365   -4.7764675063   -0.6213066941
   2.4938511365   -4.5138772977   -0.6213066941
  -0.1835586550   -2.8164675063   -1.6013066941
   0.1406177688   -3.8141799488   -1.6013066941
   0.9893226645   -4.4308001493   -1.6013066941
   2.0383796084   -4.4308001493   -1.6013066941
   2.8870845041   -3.8141799488   -1.6013066941
   2.4938511365   -2.8164675063   -2.3187164856
   2.0038511365   -1.9677626106   -2.3187164856
   1.0238511365   -1.9677626106   -2.3187164856
   0.5338511365   -2.8164675063   -2.3187164856
   1.0238511365   -3.6651724020   -2.3187164856
   2.0038511365   -3.6651724020   -2.3187164856
   1.5138511365   -2.8164675063   -2.5813066941
   0.5018511357   -1.6487941793    2.8533466546
   1.5067996897   -1.7227057380    2.0846933066
  -4.4381339743    2.4429063537   -1.1783066939
  -3.7431488655    1.9305324959   -1.9469600419
   1.9368511367   -1.6684675058    1.8596933060
   1.4118511367   -2.5777941797    1.5783466540
   2.4618511367   -2.5777941797    1.5783466540
   2.9868511367   -1.6684675058   -2.0589600419
   1.9368511367   -1.6684675058   -2.3403066940
   0.1549989974    3.3219810467   -0.0223581440
   1.0738177555    3.4098624354   -0.8623581440
   0.1273018436    3.9563336519   -0.8623581440
  -0.9490363380    3.7665461901   -0.8623581440
   1.0738177555    3.4098624354   -1.9006552451
   0.1273018436    3.9563336519   -1.9006552451
  -0.9490363380    3.7665461901   -1.9006552451
   0.8373303595    2.3828324961   -2.7406552451
   0.1549989974    3.3219810467   -2.7406552451
  -0.9490363380    2.9632582209   -2.7406552451
  -0.1501488643    2.3828324961   -3.0615066945
  -1.6336363383    2.2680461894   -2.4490552453
  -2.3361661924    1.4308037119   -2.4490552453
  -2.3361661924    0.3378612789   -2.4490552453
  -1.6336363383   -0.4993811985   -2.4490552453
  -0.5572981567   -0.6891686603   -2.4490552453
   0.1527303592    0.8843324954   -3.2890552453
  -0.5296010029    1.8234810460   -3.2890552453
  -1.6336363383    1.4647582202   -3.2890552453
  -1.6336363383    0.3039067707   -3.2890552453
  -0.5296010029   -0.0548160551   -3.2890552453
  -0.8347488647    0.8843324954   -3.6099066948
   1.6475511365    1.2964324956    1.3634933060
   2.6350303604    1.2964324956    1.0426418566
   1.9526989983    2.2355810462    1.0426418566
   3.2453260839    1.2964324956    0.2026418566
   2.8715177563    2.3234624349    0.2026418566
   1.9250018444    2.8699336514    0.2026418566
   0.8486636628    2.6801461896    0.2026418566
   3.2453260839    1.2964324956   -0.8356552445
   2.8715177563    2.3234624349   -0.8356552445
   1.9250018444    2.8699336514   -0.8356552445
   3.0816260838    0.4996324953   -1.3372581442
   3.0816260838    0.4996324953   -2.3755552453
   2.7078177562    1.5266624345   -2.3755552453
   1.7613018444    2.0731336510   -2.3755552453
   1.7613018444   -1.0738686605   -2.3755552453
   2.7078177562   -0.5273974440   -2.3755552453
   2.4713303603    0.4996324953   -3.2155552453
   1.7889989982    1.4387810458   -3.2155552453
   0.6849636627    1.0800582200   -3.2155552453
   0.6849636627   -0.0807932295   -3.2155552453
   1.7889989982   -0.4395160553   -3.2155552453
   1.4838511364    0.4996324953   -3.5364066947
  -0.1910488644   -1.7793675058    3.0023933068
   0.7964303595   -1.7793675058    2.6815418573
  -0.9899363380   -2.3597932305    2.6815418573
   0.1140989974   -2.7185160564    2.6815418573
  -1.6924661921   -2.3258387223    1.8415418573
  -0.9899363380   -3.1630811998    1.8415418573
   0.0864018436   -3.3528686616    1.8415418573
   1.0329177554   -2.8063974451    1.8415418573
  -1.6924661921   -2.3258387223    0.8032447562
  -0.9899363380   -3.1630811998    0.8032447562
   0.0864018436   -3.3528686616    0.8032447562
  -0.9899363380   -2.3597932305   -0.0367552438
   0.4845511360   -0.2668675051    3.5565933070
   1.4720303598   -0.2668675051    3.2357418576
   0.7896989977    0.6722810454    3.2357418576
  -0.3143363377    0.3135582196    3.2357418576
  -0.3143363377   -0.8472932298    3.2357418576
   0.7896989977   -1.2060160557    3.2357418576
   2.0823260833   -0.2668675051    2.3957418576
   1.7085177558    0.7601624341    2.3957418576
   0.7620018439    1.3066336506    2.3957418576
  -0.3143363377    1.1168461889    2.3957418576
   1.7085177558   -1.2938974443    2.3957418576
   1.7085177558    0.7601624341    1.3574447565
  -1.8462488651    0.0670324951    3.4377933070
  -0.8587696413    0.0670324951    3.1169418575
  -1.5411010034    1.0061810456    3.1169418575
  -2.6451363388   -0.5133932297    3.1169418575
  -1.5411010034   -0.8721160555    3.1169418575
  -3.3476661929   -0.4794387215    2.2769418575
  -2.6451363388   -1.3166811989    2.2769418575
  -3.3476661929   -0.4794387215    1.2386447564
  -3.4706661929   -0.1573962888    0.7258418568
  -3.4706661929   -1.2503387218    0.7258418568
  -2.7681363389   -2.0875811993    0.7258418568
  -1.6917981573   -2.2773686611    0.7258418568
  -3.4706661929   -1.2503387218   -0.3124552443
  -2.7681363389   -2.0875811993   -0.3124552443
  -1.6917981573   -2.2773686611   -0.3124552443
  -2.7681363389   -1.2842932300   -1.1524552443
  -1.6641010034   -1.6430160559   -1.1524552443
  -1.9692488652   -0.7038675053   -1.4733066938
  -0.6834488646    1.9315324959    2.4573933065
   0.3040303593    1.9315324959    2.1365418571
  -0.3783010028    2.8706810465    2.1365418571
   0.9143260828    1.9315324959    1.2965418571
   0.5405177552    2.9585624352    1.2965418571
  -0.4059981567    3.5050336517    1.2965418571
   0.5405177552    2.9585624352    0.2582447560
  -0.4059981567    3.5050336517    0.2582447560
  -4.2362363396    0.6122067709    0.9251418565
  -4.9387661936    1.7391037121    0.0851418565
  -4.9387661936    0.6461612791    0.0851418565
  -4.2362363396   -0.1910811984    0.0851418565
  -4.9387661936    1.7391037121   -0.9531552446
  -4.9387661936    0.6461612791   -0.9531552446
  -4.2362363396   -0.1910811984   -0.9531552446
  -3.1598981580   -0.3808686602   -0.9531552446
  -4.2362363396    1.7730582203   -1.7931552446
  -4.2362363396    0.6122067709   -1.7931552446
  -3.1322010041    0.2534839450   -1.7931552446
  -3.4373488659    1.1926324956   -2.1140066941
  -1.4598822457    3.7713624356   -0.3365581437
  -2.4063981576    4.3178336521   -0.3365581437
  -3.4827363392    4.1280461903   -0.3365581437
  -1.4598822457    3.7713624356   -1.3748552448
  -2.4063981576    4.3178336521   -1.3748552448
  -3.4827363392    4.1280461903   -1.3748552448
  -4.1852661933    3.2908037128   -1.3748552448
  -1.6963696417    2.7443324963   -2.2148552448
  -2.3787010038    3.6834810469   -2.2148552448
  -3.4827363392    3.3247582210   -2.2148552448
  -3.4827363392    2.1639067716   -2.2148552448
  -2.3787010038    1.8051839458   -2.2148552448
  -2.6838488655    2.7443324963   -2.5357066943
  -4.6715363398    3.4200582211    2.5666418573
  -4.6715363398    2.2592067716    2.5666418573
  -3.5951981582    4.4131336521    1.7266418573
  -4.6715363398    4.2233461903    1.7266418573
  -5.3740661938    3.3861037129    1.7266418573
  -5.3740661938    2.2931612799    1.7266418573
  -3.5951981582    4.4131336521    0.6883447562
  -4.6715363398    4.2233461903    0.6883447562
  -5.3740661938    3.3861037129    0.6883447562
  -5.3740661938    2.2931612799    0.6883447562
  -4.6715363398    3.4200582211   -0.1516552438
  -2.9726488657    1.6708324958    3.5128933070
  -1.9851696418    1.6708324958    3.1920418576
  -3.7715363394    2.2512582205    3.1920418576
  -3.7715363394    1.0904067711    3.1920418576
  -2.6675010039    0.7316839453    3.1920418576
  -1.3748739183    1.6708324958    2.3520418576
  -4.4740661934    1.1243612793    2.3520418576
  -3.7715363394    0.2871188019    2.3520418576
  -3.7715363394    0.2871188019    1.3137447565
  -0.6299363379   -2.4667811994   -0.3703581437
  -1.3324661919   -1.6295387220   -1.4086552448
  -0.6299363379   -2.4667811994   -1.4086552448
  -0.6299363379   -1.6634932302   -2.2486552448
   0.4740989976   -2.0222160560   -2.2486552448
   0.1689511358   -1.0830675055   -2.5695066943
   4.5779303613   -2.3541675061    1.2069418566
   3.8955989992   -3.2933160566    1.2069418566
   5.1882260848   -2.3541675061    0.3669418566
   3.8679018454   -3.9276686618    0.3669418566
   4.8144177572   -3.3811974453    0.3669418566
   5.1882260848   -2.3541675061   -0.6713552445
   3.8679018454   -3.9276686618   -0.6713552445
   4.8144177572   -3.3811974453   -0.6713552445
   4.5779303613   -2.3541675061   -1.5113552445
   3.8955989992   -3.2933160566   -1.5113552445
   3.5904511374   -2.3541675061   -1.8322066939
  -1.8948278918    2.4445324962    3.3390185897
  -2.4154883787    3.3463429131    3.3390185897
  -3.4568093526    3.3463429131    3.3390185897
  -3.9774698395    2.4445324962    3.3390185897
  -1.0597533077    2.4445324962    2.6730688312
  -1.3576244736    3.4589885245    2.6730688312
  -2.1566659806    4.1513619316    2.6730688312
  -3.2031877960    4.3018290529    2.6730688312
  -4.7365372192    1.9158907780    2.6730688312
  -1.4772905997    4.2738828999    1.7107435482
  -2.4154883787    4.7256951377    1.7107435482
  -3.4568093526    4.7256951377    1.7107435482
  -1.4772905997    4.2738828999    0.6426430652
  -2.4154883787    4.7256951377    0.6426430652
  -3.4568093526    4.7256951377    0.6426430652
   2.4233755282    0.3939885230    1.3320688305
   3.1358511372   -1.5174675057    2.2096933061
   4.1077507128   -1.5174675057    1.9878635702
   3.6218009250   -0.6757777833    1.9878635702
   2.6499013494   -0.6757777833    1.9878635702
   2.6499013494   -2.3591572281    1.9878635702
   3.6218009250   -2.3591572281    1.9878635702
   4.8871536579   -1.5174675057    1.3663104623
   4.5526846388   -0.4880777117    1.3663104623
   3.6770333784    0.1481201686    1.3663104623
   2.5946688960    0.1481201686    1.3663104623
   5.3196896605   -1.5174675057    0.4681401982
   5.0695441167   -0.5025871399    0.4681401982
   4.3764128149    0.2797963647    0.4681401982
   3.3990837830    0.6504483760    0.4681401982
   5.3196896605   -1.5174675057   -0.5287535859
   5.0695441167   -0.5025871399   -0.5287535859
   4.3764128149    0.2797963647   -0.5287535859
   4.8871536579   -1.5174675057   -1.4269238500
   4.5526846388   -0.4880777117   -1.4269238500
   3.6770333784    0.1481201686   -1.4269238500
   4.1077507128   -1.5174675057   -2.0484769580
   3.6218009250   -0.6757777833   -2.0484769580
   1.7673340213    2.3553619308   -2.3916822187
   1.0279013486   -3.6581572287    1.3968635700
   1.9998009243   -3.6581572287    1.3968635700
   0.0970176349   -3.8458573003    0.7753104620
   0.9726688953   -4.4820551807    0.7753104620
   2.0550333776   -4.4820551807    0.7753104620
  -0.6065290083   -3.3390942732   -0.1228598021
  -0.1207754705   -4.2646203130   -0.1228598021
   0.7394513236   -4.8583919970   -0.1228598021
   1.7770837823   -4.9843833880   -0.1228598021
   2.7544128141   -4.6137313767   -0.1228598021
  -0.6065290083   -3.3390942732   -1.1197535862
  -0.1207754705   -4.2646203130   -1.1197535862
   0.7394513236   -4.8583919970   -1.1197535862
   1.7770837823   -4.9843833880   -1.1197535862
   2.7544128141   -4.6137313767   -1.1197535862
   3.2651536572   -2.8164675063   -2.0179238503
  -0.2374513843   -2.8164675063   -2.0179238503
   0.0970176349   -3.8458573003   -2.0179238503
   0.9726688953   -4.4820551807   -2.0179238503
   2.0550333776   -4.4820551807   -2.0179238503
   2.9306846380   -3.8458573003   -2.0179238503
   2.4857507121   -2.8164675063   -2.6394769582
   1.9998009243   -1.9747777839   -2.6394769582
   1.0279013486   -1.9747777839   -2.6394769582
   0.5419515608   -2.8164675063   -2.6394769582
   1.0279013486   -3.6581572287   -2.6394769582
   1.9998009243   -3.6581572287   -2.6394769582
   1.5138511365   -2.8164675063   -2.8613066941
   1.5553755278   -1.7539235336    2.5310688311
  -4.8012601391    2.9457453789   -0.6623569354
  -4.4935372191    2.4591742141   -1.6246822184
  -3.7344698394    1.9305324959   -2.2906319769
   1.9368511367   -1.6684675058    2.1596933060
   2.4575116236   -2.5702779226    1.9220185890
   2.7163340217   -3.3752969412    1.2560688305
   2.9781721105   -1.6684675058   -2.4026319769
   1.9368511367   -1.6684675058   -2.6403066940
   1.1950593326    3.3601834602   -0.4215066945
   0.3636749449    3.9642195750   -0.4215066945
  -0.6639726736    3.9642195750   -0.4215066945
   1.5126199109    3.3428324961   -1.3815066945
   0.8098511357    4.0456012714   -1.3815066945
  -0.1501488643    4.3028324961   -1.3815066945
  -1.1101488643    4.0456012714   -1.3815066945
   1.1950593326    3.3601834602   -2.3415066945
   0.3636749449    3.9642195750   -2.3415066945
  -0.6639726736    3.9642195750   -2.3415066945
  -1.4953570612    3.3601834602   -2.3415066945
   0.8098511357    2.3828324961   -3.0442754698
   0.3298511357    3.2142168838   -3.0442754698
  -0.6301488643    3.2142168838   -3.0442754698
  -0.1501488643    2.3828324961   -3.3015066945
  -2.4975176399   -0.0756675046   -1.9299066948
  -1.7947488647   -0.7784362798   -1.9299066948
  -2.1799570616    1.8616834595   -2.8899066948
  -2.4975176399    0.8843324954   -2.8899066948
  -2.1799570616   -0.0930184686   -2.8899066948
  -1.3485726739   -0.6970545834   -2.8899066948
  -0.3209250554   -0.6970545834   -2.8899066948
   0.1252511353    0.8843324954   -3.5926754700
  -0.3547488647    1.7157168831   -3.5926754700
  -1.3147488647    1.7157168831   -3.5926754700
  -1.7947488647    0.8843324954   -3.5926754700
  -1.3147488647    0.0529481078   -3.5926754700
  -0.3547488647    0.0529481078   -3.5926754700
  -0.8347488647    0.8843324954   -3.8499066948
   1.6475511365    1.2964324956    1.6034933060
   2.6075511365    1.2964324956    1.3462620813
   2.1275511365    2.1278168833    1.3462620813
   1.1675511365    2.1278168833    1.3462620813
   3.3103199118    1.2964324956    0.6434933060
   2.9927593334    2.2737834597    0.6434933060
   2.1613749458    2.8778195744    0.6434933060
   1.1337273272    2.8778195744    0.6434933060
   3.5675511365    1.2964324956   -0.3165066940
   3.3103199118    2.2564324956   -0.3165066940
   2.6075511365    2.9592012709   -0.3165066940
   1.6475511365    3.2164324956   -0.3165066940
   3.3103199118    1.2964324956   -1.2765066940
   2.9927593334    2.2737834597   -1.2765066940
   2.1613749458    2.8778195744   -1.2765066940
   3.4038511364    0.4996324953   -1.8564066947
   3.1466199117    1.4596324953   -1.8564066947
   3.1466199117    0.4996324953   -2.8164066947
   2.8290593333    1.4769834593   -2.8164066947
   1.9976749457    2.0810195741   -2.8164066947
   0.9700273272   -1.0817545836   -2.8164066947
   1.9976749457   -1.0817545836   -2.8164066947
   2.8290593333   -0.4777184688   -2.8164066947
   2.4438511364    0.4996324953   -3.5191754700
   1.9638511364    1.3310168829   -3.5191754700
   1.0038511364    1.3310168829   -3.5191754700
   0.5238511364    0.4996324953   -3.5191754700
   1.0038511364   -0.3317518924   -3.5191754700
   1.9638511364   -0.3317518924   -3.5191754700
   1.4838511364    0.4996324953   -3.7764066947
  -0.1910488644   -1.7793675058    3.2423933068
  -1.1510488644   -1.7793675058    2.9851620820
  -0.6710488644   -2.6107518935    2.9851620820
   0.2889511356   -2.6107518935    2.9851620820
  -1.5362570613   -2.7567184699    2.2823933068
  -0.7048726736   -3.3607545846    2.2823933068
   0.3227749449   -3.3607545846    2.2823933068
   1.1541593326   -2.7567184699    2.2823933068
  -1.8538176396   -2.7393675058    1.3223933068
  -1.1510488644   -3.4421362811    1.3223933068
  -0.1910488644   -3.6993675058    1.3223933068
  -1.5362570613   -2.7567184699    0.3623933068
  -0.7048726736   -3.3607545846    0.3623933068
   0.4845511360   -0.2668675051    3.7965933070
   1.4445511360   -0.2668675051    3.5393620823
   0.9645511360    0.5645168825    3.5393620823
   0.0045511360    0.5645168825    3.5393620823
  -0.4754488640   -0.2668675051    3.5393620823
   0.0045511360   -1.0982518927    3.5393620823
   0.9645511360   -1.0982518927    3.5393620823
   2.1473199112   -0.2668675051    2.8365933070
   1.8297593329    0.7104834590    2.8365933070
   0.9983749452    1.3145195737    2.8365933070
  -0.0292726733    1.3145195737    2.8365933070
   1.8297593329   -1.2442184692    2.8365933070
   2.4045511360   -0.2668675051    1.8765933070
   2.1473199112    0.6931324949    1.8765933070
   1.4445511360    1.3959012702    1.8765933070
  -1.8462488651    0.0670324951    3.6777933070
  -0.8862488651    0.0670324951    3.4205620822
  -1.3662488651    0.8984168827    3.4205620822
  -2.8062488651    0.0670324951    3.4205620822
  -2.3262488651   -0.7643518926    3.4205620822
  -1.3662488651   -0.7643518926    3.4205620822
  -3.1914570620   -0.9103184690    2.7177933070
  -2.3600726744   -1.5143545838    2.7177933070
  -3.5090176404   -0.8929675049    1.7577933070
  -3.6320176405   -0.7038675053    1.1666933062
  -3.3144570621   -1.6812184694    1.1666933062
  -2.4830726745   -2.2852545841    1.1666933062
  -3.8892488652   -0.7038675053    0.2066933062
  -3.6320176405   -1.6638675053    0.2066933062
  -2.9292488652   -2.3666362806    0.2066933062
  -1.9692488652   -2.6238675053    0.2066933062
  -3.6320176405   -0.7038675053   -0.7533066938
  -3.3144570621   -1.6812184694   -0.7533066938
  -2.4830726745   -2.2852545841   -0.7533066938
  -1.4554250559   -2.2852545841   -0.7533066938
  -2.9292488652   -0.7038675053   -1.4560754690
  -2.4492488652   -1.5352518929   -1.4560754690
  -1.9692488652   -0.7038675053   -1.7133066938
  -0.6834488646    1.9315324959    2.6973933065
   0.2765511354    1.9315324959    2.4401620818
  -0.2034488646    2.7629168836    2.4401620818
   0.9793199107    1.9315324959    1.7373933065
   0.6617593323    2.9088834600    1.7373933065
  -0.1696250553    3.5129195747    1.7373933065
   0.9793199107    2.8915324959    0.7773933065
   0.2765511354    3.5943012712    0.7773933065
  -0.6834488646    3.8515324959    0.7773933065
  -5.1001176412    1.1926324956    0.5259933059
  -4.7825570628    0.2152815315    0.5259933059
  -3.9511726752   -0.3887545832    0.5259933059
  -5.1001176412    2.1526324956   -0.4340066941
  -5.3573488659    1.1926324956   -0.4340066941
  -5.1001176412    0.2326324956   -0.4340066941
  -4.3973488659   -0.4701362797   -0.4340066941
  -4.7825570628    2.1699834597   -1.3940066941
  -5.1001176412    1.1926324956   -1.3940066941
  -4.7825570628    0.2152815315   -1.3940066941
  -3.9511726752   -0.3887545832   -1.3940066941
  -4.3973488659    1.1926324956   -2.0967754693
  -3.9173488659    0.3612481080   -2.0967754693
  -2.9573488659    0.3612481080   -2.0967754693
  -3.4373488659    1.1926324956   -2.3540066941
  -1.7238488655    4.4071012716   -0.8557066943
  -2.6838488655    4.6643324963   -0.8557066943
  -3.6438488655    4.4071012716   -0.8557066943
  -4.3466176408    3.7043324963   -0.8557066943
  -2.1700250563    4.3257195751   -1.8157066943
  -3.1976726748    4.3257195751   -1.8157066943
  -4.0290570624    3.7216834604   -1.8157066943
  -4.3466176408    2.7443324963   -1.8157066943
  -1.7238488655    2.7443324963   -2.5184754695
  -2.2038488655    3.5757168840   -2.5184754695
  -3.1638488655    3.5757168840   -2.5184754695
  -3.6438488655    2.7443324963   -2.5184754695
  -3.1638488655    1.9129481087   -2.5184754695
  -2.6838488655    2.7443324963   -2.7757066943
  -4.3526488661    3.6710168840    2.8702620820
  -4.8326488661    2.8396324964    2.8702620820
  -4.3864726754    4.4210195752    2.1674933067
  -5.2178570630    3.8169834604    2.1674933067
  -5.5354176414    2.8396324964    2.1674933067
  -5.2178570630    1.8622815323    2.1674933067
  -3.8726488661    4.7596324964    1.2074933067
  -4.8326488661    4.5024012716    1.2074933067
  -5.5354176414    3.7996324964    1.2074933067
  -5.7926488661    2.8396324964    1.2074933067
  -5.5354176414    1.8796324964    1.2074933067
  -4.3864726754    4.4210195752    0.2474933067
  -5.2178570630    3.8169834604    0.2474933067
  -5.5354176414    2.8396324964    0.2474933067
  -5.2178570630    1.8622815323    0.2474933067
  -4.3526488661    3.6710168840   -0.4552754685
  -2.9726488657    1.6708324958    3.7528933070
  -2.0126488657    1.6708324958    3.4956620823
  -3.9326488657    1.6708324958    3.4956620823
  -3.4526488657    0.8394481082    3.4956620823
  -2.4926488657    0.8394481082    3.4956620823
  -1.3098800904    1.6708324958    2.7928933070
  -4.6354176409    1.6708324958    2.7928933070
  -4.3178570626    0.6934815317    2.7928933070
  -3.4864726749    0.0894454170    2.7928933070
  -4.6354176409    0.7108324958    1.8328933070
  -3.9326488657    0.0080637205    1.8328933070
  -0.7910488642   -2.7458362808   -0.8895066943
  -1.4938176395   -1.0830675055   -1.8495066943
  -1.1762570611   -2.0604184696   -1.8495066943
  -0.7910488642   -1.0830675055   -2.5522754695
  -0.3110488642   -1.9144518931   -2.5522754695
   0.6489511358   -1.9144518931   -2.5522754695
   0.1689511358   -1.0830675055   -2.8095066943
   4.5504511374   -2.3541675061    1.5105620813
   3.1104511374   -3.1855518937    1.5105620813
   4.0704511374   -3.1855518937    1.5105620813
   5.2532199127   -2.3541675061    0.8077933061
   3.0766273282   -3.9355545849    0.8077933061
   4.1042749467   -3.9355545849    0.8077933061
   4.9356593343   -3.3315184702    0.8077933061
   5.5104511374   -2.3541675061   -0.1522066939
   3.5904511374   -4.2741675061   -0.1522066939
   4.5504511374   -4.0169362814   -0.1522066939
   5.2532199127   -3.3141675061   -0.1522066939
   5.2532199127   -2.3541675061   -1.1122066939
   4.1042749467   -3.9355545849   -1.1122066939
   4.9356593343   -3.3315184702   -1.1122066939
   4.5504511374   -2.3541675061   -1.8149754692
   4.0704511374   -3.1855518937   -1.8149754692
   3.5904511374   -2.3541675061   -2.0722066939
  -2.9361488657    2.4445324962    3.8766933067
  -1.9029035983    2.4445324962    3.6711680445
  -2.4195262320    3.3393491461    3.6711680445
  -3.4527714993    3.3393491461    3.6711680445
  -3.9693941330    2.4445324962    3.6711680445
  -1.0269605564    2.4445324962    3.0858816159
  -1.3300374557    3.4767176243    3.0858816159
  -2.1430433794    4.1811912674    3.0858816159
  -3.2078546911    4.3342880212    3.0858816159
  -4.1864013231    3.8874007482    3.0858816159
  -4.7680016336    1.9066519923    3.0858816159
  -1.3808693057    4.3947913784    2.2099385741
  -2.3810760173    4.8764655443    2.2099385741
  -3.4912217140    4.8764655443    2.2099385741
  -5.1835929462    1.3622204698    2.2099385741
  -1.0269605564    4.3537208054    1.1766933067
  -1.9029035983    4.9390072340    1.1766933067
  -2.9361488657    5.1445324962    1.1766933067
  -4.8453371749    0.5353441870    1.1766933067
  -1.3808693057    4.3947913784    0.1434480393
  -2.3810760173    4.8764655443    0.1434480393
  -3.4912217140    4.8764655443    0.1434480393
   3.1358511372   -1.5174675057    2.4896933061
   4.2292381598   -1.5174675057    2.2401348533
   3.6825446485   -0.5705665680    2.2401348533
   3.6825446485   -2.4643684434    2.2401348533
   5.1060664730   -1.5174675057    1.5408876068
   4.7933017489   -0.4522886760    1.5408876068
   3.9543081666    0.2747034015    1.5408876068
   2.8554602603    0.4326938788    1.5408876068
   5.5926694759   -1.5174675057    0.5304460597
   5.3493679745   -0.4514939786    0.5304460597
   4.6676523164    0.4033504182    0.5304460597
   3.6825446485    0.8777532679    0.5304460597
   5.5926694759   -1.5174675057   -0.5910594474
   5.3493679745   -0.4514939786   -0.5910594474
   4.6676523164    0.4033504182   -0.5910594474
   5.1060664730   -1.5174675057   -1.6015009945
   4.7933017489   -0.4522886760   -1.6015009945
   3.9543081666    0.2747034015   -1.6015009945
   4.2292381598   -1.5174675057   -2.3007482410
   3.6825446485   -0.5705665680   -2.3007482410
   2.5431306962    2.5987913775   -1.9285519617
   0.9671576252   -3.7633684440    1.6491348530
   2.0605446477   -3.7633684440    1.6491348530
   0.2236344756   -4.3054569077    0.9498876065
   1.2334602596   -4.7666288908    0.9498876065
   2.3323081658   -4.6086384135    0.9498876065
  -0.6996657008   -3.8824410334   -0.0605539406
  -0.0179500427   -4.7372854302   -0.0605539406
   0.9671576252   -5.2116882799   -0.0605539406
   2.0605446477   -5.2116882799   -0.0605539406
   3.0456523156   -4.7372854302   -0.0605539406
  -0.6996657008   -3.8824410334   -1.1820594477
  -0.0179500427   -4.7372854302   -1.1820594477
   0.9671576252   -5.2116882799   -1.1820594477
   2.0605446477   -5.2116882799   -1.1820594477
   3.0456523156   -4.7372854302   -1.1820594477
  -0.3765566348   -3.3715413104   -2.1925009948
   0.2236344756   -4.3054569077   -2.1925009948
   1.2334602596   -4.7666288908   -2.1925009948
   2.3323081658   -4.6086384135   -2.1925009948
   3.1713017481   -3.8816463360   -2.1925009948
   2.6072381590   -2.8164675063   -2.8917482413
   0.9671576252   -1.8695665686   -2.8917482413
   0.4204641139   -2.8164675063   -2.8917482413
   0.9671576252   -3.7633684440   -2.8917482413
   2.0605446477   -3.7633684440   -2.8917482413
   1.5138511365   -2.8164675063   -3.1413066941
  -1.5714013218    2.7894007477   -2.9944950036
   0.1954737693    2.2413491456   -3.5797814321
  -2.8894284249   -1.9957263872    1.8349385739
  -0.5397714980   -1.6342841552    3.5291680444
  -4.9405929460    3.0128445223   -1.1615519613
  -4.5250016335    2.4684129998   -2.0374950031
  -3.7263941329    1.9305324959   -2.6227814317
  -3.2097714992    1.0357158460   -2.6227814317
   2.4534737703   -2.5632841557    2.2541680438
   2.7299566229   -3.4051262770    1.6688816152
   2.9700964040   -1.6684675058   -2.7347814317
   1.9368511367   -1.6684675058   -2.9403066940
   0.6269326371    4.0844036349   -0.3015066945
  -0.4163651173    4.2344072061   -0.3015066945
   1.7624361511    3.3866345478   -1.3815066945
   1.0768709886    4.1604776465   -1.3815066945
   0.1102103650    4.5270836642   -1.3815066945
  -0.9160954203    4.4024675803   -1.3815066945
   1.4235125054    3.3941632498   -2.4615066945
   0.6269326371    4.0844036349   -2.4615066945
  -0.4163651173    4.2344072061   -2.4615066945
  -1.3751410925    3.7965488896   -2.4615066945
   0.9298511357    2.3828324961   -3.2521215667
   0.3898511357    3.3181399322   -3.2521215667
  -0.6901488643    3.3181399322   -3.2521215667
  -2.4515320807   -0.5480124464   -1.9299066948
  -2.0597410928    2.2980488889   -3.0099066948
  -2.6295906908    1.4113456062   -3.0099066948
  -2.6295906908    0.3573193846   -3.0099066948
  -2.0597410928   -0.5293838980   -3.0099066948
  -1.1009651177   -0.9672422145   -3.0099066948
   0.2452511353    0.8843324954   -3.8005215669
  -0.2947488647    1.8196399315   -3.8005215669
  -1.3747488647    1.8196399315   -3.8005215669
  -1.9147488647    0.8843324954   -3.8005215669
  -1.3747488647   -0.0509749406   -3.8005215669
  -0.2947488647   -0.0509749406   -3.8005215669
  -0.8347488647    0.8843324954   -4.0899066948
   2.7275511365    1.2964324956    1.5541081782
   2.1875511365    2.2317399317    1.5541081782
   3.5181660087    1.2964324956    0.7634933060
   3.2212125063    2.3077632493    0.7634933060
   2.4246326380    2.9980036344    0.7634933060
   1.3813348835    3.1480072056    0.7634933060
   3.8075511365    1.2964324956   -0.3165066940
   3.5601361519    2.3002345472   -0.3165066940
   2.8745709895    3.0740776460   -0.3165066940
   1.9079103659    3.4406836637   -0.3165066940
   3.2212125063    2.3077632493   -1.3965066940
   2.4246326380    2.9980036344   -1.3965066940
   3.6438511364    0.4996324953   -1.8564066947
   3.3964361518    1.5034345469   -1.8564066947
   3.3544660086    0.4996324953   -2.9364066947
   3.0575125062    1.5109632489   -2.9364066947
   2.2609326379    2.2012036340   -2.9364066947
   1.2176348834   -1.3519422147   -2.9364066947
   2.2609326379   -1.2019386435   -2.9364066947
   3.0575125062   -0.5116982584   -2.9364066947
   2.5638511364    0.4996324953   -3.7270215669
   2.0238511364    1.4349399313   -3.7270215669
   0.9438511364    1.4349399313   -3.7270215669
   0.4038511364    0.4996324953   -3.7270215669
   0.9438511364   -0.4356749408   -3.7270215669
   2.0238511364   -0.4356749408   -3.7270215669
   1.4838511364    0.4996324953   -4.0164066947
  -1.2710488644   -1.7793675058    3.1930081790
  -0.7310488644   -2.7146749419    3.1930081790
   0.3489511356   -2.7146749419    3.1930081790
  -1.9858906905   -2.3063806166    2.4023933068
  -1.4160410925   -3.1930838992    2.4023933068
  -0.4572651174   -3.6309422158    2.4023933068
   0.5860326371   -3.4809386445    2.4023933068
   1.3826125054   -2.7906982595    2.4023933068
  -1.8078320804   -3.2117124476    1.3223933068
  -0.9569954204   -3.7990025900    1.3223933068
   0.0693103650   -3.9236186739    1.3223933068
  -1.4160410925   -3.1930838992    0.2423933068
   0.4845511360   -0.2668675051    4.0365933070
   1.5645511360   -0.2668675051    3.7472081792
   1.0245511360    0.6684399310    3.7472081792
  -0.0554488640    0.6684399310    3.7472081792
  -0.5954488640   -0.2668675051    3.7472081792
  -0.0554488640   -1.2021749412    3.7472081792
   1.0245511360   -1.2021749412    3.7472081792
   2.3551660081   -0.2668675051    2.9565933070
   2.0582125057    0.7444632485    2.9565933070
   1.2616326374    1.4347036336    2.9565933070
   0.2183348830    1.5847072049    2.9565933070
   2.0582125057   -1.2781982587    2.9565933070
   2.3971361514    0.7369345465    1.8765933070
   1.7115709889    1.5107776452    1.8765933070
  -1.8462488651    0.0670324951    3.9177933070
  -0.7662488651    0.0670324951    3.6284081792
  -1.3062488651    1.0023399311    3.6284081792
  -2.9262488651    0.0670324951    3.6284081792
  -2.3862488651   -0.8682749410    3.6284081792
  -1.3062488651   -0.8682749410    3.6284081792
  -3.6410906913   -0.4599806157    2.8377933070
  -3.0712410933   -1.3466838984    2.8377933070
  -2.1124651181   -1.7845422149    2.8377933070
  -3.9434831908   -0.4498893398    1.7577933070
  -3.7640906914   -1.2308806161    1.2866933062
  -3.1942410933   -2.1175838987    1.2866933062
  -2.2354651182   -2.5554422153    1.2866933062
  -4.0664831908   -1.2207893402    0.2066933062
  -3.5860320812   -2.1362124471    0.2066933062
  -2.7351954212   -2.7235025895    0.2066933062
  -1.7088896358   -2.8481186734    0.2066933062
  -3.7640906914   -1.2308806161   -0.8733066938
  -3.1942410933   -2.1175838987   -0.8733066938
  -2.2354651182   -2.5554422153   -0.8733066938
  -3.0492488652   -0.7038675053   -1.6639215659
  -2.5092488652   -1.6391749414   -1.6639215659
  -0.6834488646    1.9315324959    2.9373933065
   0.3965511354    1.9315324959    2.6480081787
  -0.1434488646    2.8668399320    2.6480081787
   1.1871660076    1.9315324959    1.8573933065
   0.8902125052    2.9428632496    1.8573933065
   0.0936326369    3.6331036347    1.8573933065
   0.5435709884    3.7091776463    0.7773933065
  -0.4230896352    4.0757836640    0.7773933065
  -5.2321906921    0.6656193848    0.6459933059
  -4.6623410940   -0.2210838978    0.6459933059
  -5.5345831915    1.7095543304   -0.4340066941
  -5.5345831915    0.6757106607   -0.4340066941
  -5.0541320819   -0.2397124462   -0.4340066941
  -4.2032954219   -0.8270025886   -0.4340066941
  -5.2321906921    1.7196456064   -1.5140066941
  -5.2321906921    0.6656193848   -1.5140066941
  -4.6623410940   -0.2210838978   -1.5140066941
  -3.7035651189   -0.6589422144   -1.5140066941
  -4.5173488659    1.1926324956   -2.3046215662
  -3.9773488659    0.2573250595   -2.3046215662
  -2.8973488659    0.2573250595   -2.3046215662
  -1.4568290126    4.5219776466   -0.8557066943
  -2.4234896362    4.8885836644   -0.8557066943
  -3.4497954215    4.7639675805   -0.8557066943
  -4.3006320816    4.1766774381   -0.8557066943
  -1.9067673641    4.4459036350   -1.9357066943
  -2.9500651185    4.5959072063   -1.9357066943
  -3.9088410937    4.1580488897   -1.9357066943
  -4.4786906917    3.2713456071   -1.9357066943
  -2.1438488655    3.6796399324   -2.7263215664
  -3.2238488655    3.6796399324   -2.7263215664
  -3.7638488655    2.7443324963   -2.7263215664
  -2.6838488655    2.7443324963   -3.0157066943
  -4.4126488661    3.7749399325    3.0781081789
  -4.9526488661    2.8396324964    3.0781081789
  -4.1388651191    4.6912072063    2.2874933067
  -5.0976410942    4.2533488898    2.2874933067
  -5.6674906923    3.3666456072    2.2874933067
  -5.6674906923    2.3126193856    2.2874933067
  -4.6385954221    4.8592675806    1.2074933067
  -5.4894320821    4.2719774382    1.2074933067
  -5.9698831917    3.3565543312    1.2074933067
  -5.9698831917    2.3227106615    1.2074933067
  -5.4894320821    1.4072875546    1.2074933067
  -4.1388651191    4.6912072063    0.1274933067
  -5.0976410942    4.2533488898    0.1274933067
  -5.6674906923    3.3666456072    0.1274933067
  -5.6674906923    2.3126193856    0.1274933067
  -2.9726488657    1.6708324958    3.9928933070
  -1.8926488657    1.6708324958    3.7035081792
  -4.0526488657    1.6708324958    3.7035081792
  -3.5126488657    0.7355250597    3.7035081792
  -4.7674906919    1.1438193850    2.9128933070
  -4.1976410938    0.2571161024    2.9128933070
  -4.5894320817    0.2384875540    1.8328933070
  -1.4478320802   -2.5154124473   -0.8895066943
  -1.6258906904   -1.6100806163   -1.9695066943
  -1.0560410923   -2.4967838989   -1.9695066943
  -0.3710488642   -2.0183749416   -2.7601215664
   0.1689511358   -1.0830675055   -3.0495066943
   4.1304511374   -3.2894749422    1.7184081783
   5.4610660096   -2.3541675061    0.9277933061
   3.3242348844   -4.2057422161    0.9277933061
   4.3675326389   -4.0557386448    0.9277933061
   5.1641125072   -3.3654982597    0.9277933061
   5.7504511374   -2.3541675061   -0.1522066939
   3.8508103668   -4.4984186741   -0.1522066939
   4.8174709904   -4.1318126564   -0.1522066939
   5.5030361528   -3.3579695577   -0.1522066939
   5.4610660096   -2.3541675061   -1.2322066939
   4.3675326389   -4.0557386448   -1.2322066939
   5.1641125072   -3.3654982597   -1.2322066939
   4.6704511374   -2.3541675061   -2.0228215661
   4.1304511374   -3.2894749422   -2.0228215661
  -2.9361488657    2.4445324962    4.1766933067
  -1.9100884357    2.4445324962    3.9957711691
  -2.4231186507    3.3331268944    3.9957711691
  -3.4491790806    3.3331268944    3.9957711691
  -3.9622092956    2.4445324962    3.9957711691
  -1.0077860366    2.4445324962    3.4748266361
  -1.3139068231    3.4870841524    3.4748266361
  -2.1350779959    4.1986330241    3.4748266361
  -3.2105835098    4.3532673721    3.4748266361
  -4.1989579632    3.9018918834    3.4748266361
  -4.7863994507    2.9878150865    3.4748266361
  -4.7863994507    1.9012499058    3.4748266361
  -0.5626881442    3.5012652928    2.6766933067
  -1.1976965550    4.3752793888    2.6766933067
  -2.1332991637    4.9154498068    2.6766933067
  -3.2077217795    5.0283761742    2.6766933067
  -0.7528037320    4.4349145753    1.6976378397
  -1.6192490999    5.0892237448    1.6976378397
  -2.6635490784    5.3863527064    1.6976378397
  -3.7446651687    5.2861725475    1.6976378397
  -5.4480501467    0.8892290699    1.6976378397
  -0.7528037320    4.4349145753    0.6557487737
  -1.6192490999    5.0892237448    0.6557487737
  -2.6635490784    5.3863527064    0.6557487737
  -3.7446651687    5.2861725475    0.6557487737
  -3.2077217795    5.0283761742   -0.3233066933
  -4.2351869713    4.6945324962   -0.3233066933
   3.1358511372   -1.5174675057    2.7696933061
   4.2073647478   -1.5174675057    2.5565559972
   3.6716079425   -0.5895094984    2.5565559972
   3.6716079425   -2.4454255130    2.5565559972
   5.1157501245   -1.5174675057    1.9495922935
   4.8504939572   -0.5275180120    1.9495922935
   4.1258006309    0.1971753143    1.9495922935
   3.1358511372    0.4624314816    1.9495922935
   3.1358511372   -3.4973664930    1.9495922935
   4.8504939572   -2.5074169994    1.9495922935
   5.7227138282   -1.5174675057    1.0412069168
   5.4990677982   -0.4652956586    1.0412069168
   4.8668001382    0.4049461174    1.0412069168
   3.9352356709    0.9427851134    1.0412069168
   5.9358511372   -1.5174675057   -0.0303066939
   5.7467733795   -0.5059908404   -0.0303066939
   5.2050761054    0.3688802965   -0.0303066939
   4.3839185334    0.9889897101   -0.0303066939
   5.7227138282   -1.5174675057   -1.1018203045
   5.4990677982   -0.4652956586   -1.1018203045
   4.8668001382    0.4049461174   -1.1018203045
   5.1157501245   -1.5174675057   -2.0102056812
   4.8504939572   -0.5275180120   -2.0102056812
   4.1258006309    0.1971753143   -2.0102056812
   4.2073647478   -1.5174675057   -2.6171693849
   3.6716079425   -0.5895094984   -2.6171693849
   3.6716079425   -2.4454255130   -2.6171693849
   3.7427687792    1.7157932760   -1.4162512273
   2.7263034469    2.5792793880   -2.3953066943
   2.0496079418   -3.7444255136    1.9655559969
   0.5239016428   -4.5311103263    1.3585922932
   1.5138511365   -4.7963664936    1.3585922932
   2.5038006301   -4.5311103263    1.3585922932
  -0.5789647427   -4.3369872458    0.4502069165
   0.2204197909   -5.0567563128    0.4502069165
   1.2434503547   -5.3891590929    0.4502069165
   2.3132356701   -5.2767201254    0.4502069165
   3.2448001375   -4.7388811294    0.4502069165
  -1.2384735427   -3.3309661562   -0.6213066941
  -0.8667568436   -4.2904775624   -0.6213066941
  -0.1735258454   -5.0509157427   -0.6213066941
   0.7475947642   -5.5095793072   -0.6213066941
   1.7722025429   -5.6045231999   -0.6213066941
   2.7619185326   -5.3229247221   -0.6213066941
  -1.0164823982   -3.3543065023   -1.6928203048
  -0.5789647427   -4.3369872458   -1.6928203048
   0.2204197909   -5.0567563128   -1.6928203048
   1.2434503547   -5.3891590929   -1.6928203048
   2.3132356701   -5.2767201254   -1.6928203048
   3.2448001375   -4.7388811294   -1.6928203048
   3.4937501238   -2.8164675063   -2.6012056815
  -0.4660478509   -2.8164675063   -2.6012056815
  -0.2007916835   -3.8064170000   -2.6012056815
   0.5239016428   -4.5311103263   -2.6012056815
   1.5138511365   -4.7963664936   -2.6012056815
   2.5038006301   -4.5311103263   -2.6012056815
   3.2284939564   -3.8064170000   -2.6012056815
   2.5853647471   -2.8164675063   -3.2081693852
   0.9780943311   -1.8885094990   -3.2081693852
   0.4423375258   -2.8164675063   -3.2081693852
   0.9780943311   -3.7444255136   -3.2081693852
   2.0496079418   -3.7444255136   -3.2081693852
   1.5138511365   -2.8164675063   -3.4213066941
   1.3010931781    2.3890841519   -3.3834400237
  -1.5839579620    2.8038918829   -3.3834400237
   0.1918813506    2.2351268938   -3.9043845567
  -2.6331869706   -2.2954675050    2.3016933065
  -4.2382674536   -0.5883413543    1.3226378395
  -0.5361790793   -1.6280619035    3.8537711690
   0.4898813507   -1.6280619035    3.8537711690
  -1.3221869700   -2.9894675053   -0.4653066934
  -5.5972674542    2.4734063452   -0.6492512269
  -5.2344508782    2.4707029139   -1.6283066939
  -4.5433994506    2.4738150863   -2.4264400233
  -3.7192092955    1.9305324959   -2.9473845563
  -3.2061790805    1.0419380978   -2.9473845563
  -2.6931488655    1.9305324959   -3.1283066939
   2.4498813516   -2.5570619039    2.5787711684
   2.7379220064   -3.4225680337    2.0578266354
   3.5590931792   -2.7110191620   -2.5384400233
   2.9629115666   -1.6684675058   -3.0593845563
   1.9368511367   -1.6684675058   -3.2403066940
   0.6293340208    4.0896619316    0.1148688300
  -0.4171877947    4.2401290528    0.1148688300
   1.3087094016    4.2121828999   -0.8474564530
   0.3705116226    4.6639951376   -0.8474564530
  -0.6708093513    4.6639951376   -0.8474564530
   1.9579624092    3.3980453791   -1.9155569360
   1.3087094016    4.2121828999   -1.9155569360
   0.3705116226    4.6639951376   -1.9155569360
  -0.6708093513    4.6639951376   -1.9155569360
   1.4283755278    3.3972885245   -2.8778822190
   0.6293340208    4.0896619316   -2.8778822190
  -0.4171877947    4.2401290528   -2.8778822190
  -1.3789266366    3.8009176404   -2.8778822190
   0.3705116226    3.2846429130   -3.5438319775
  -0.6708093513    3.2846429130   -3.5438319775
  -2.9428601382   -0.1308803875   -2.4639569363
  -2.2936071306   -0.9450179083   -2.4639569363
  -2.0635266369    2.3024176397   -3.4262822192
  -2.6351372182    1.4129742136   -3.4262822192
  -2.6351372182    0.3556907773   -3.4262822192
  -2.0635266369   -0.5337526488   -3.4262822192
  -1.1017877950   -0.9729640612   -3.4262822192
  -0.0552659796   -0.8224969400   -3.4262822192
   0.2065721092    0.8843324954   -4.0922319777
  -0.3140883777    1.7861429123   -4.0922319777
  -1.3554093516    1.7861429123   -4.0922319777
  -1.8760698385    0.8843324954   -4.0922319777
  -1.3554093516   -0.0174779214   -4.0922319777
  -0.3140883777   -0.0174779214   -4.0922319777
  -0.8347488647    0.8843324954   -4.3299066948
   2.6888721104    1.2964324956    1.8458185890
   2.1682116235    2.1982429125    1.8458185890
   3.5239466944    1.2964324956    1.1798688305
   3.2260755286    2.3108885239    1.1798688305
   2.4270340216    3.0032619311    1.1798688305
   1.3805122062    3.1537290523    1.1798688305
   3.9873781258    1.2964324956    0.2175435475
   3.7556624101    2.3116453786    0.2175435475
   3.1064094024    3.1257828993    0.2175435475
   2.1682116235    3.5775951371    0.2175435475
   3.9873781258    1.2964324956   -0.8505569355
   3.7556624101    2.3116453786   -0.8505569355
   3.1064094024    3.1257828993   -0.8505569355
   2.1682116235    3.5775951371   -0.8505569355
   3.8236781257    0.4996324953   -2.3904569362
   3.5919624100    1.5148453782   -2.3904569362
   3.3602466944    0.4996324953   -3.3527822192
   3.0623755285    1.5140885236   -3.3527822192
   2.2633340215    2.2064619307   -3.3527822192
   0.2550733642   -0.9184526490   -3.3527822192
   1.2168122061   -1.3576640614   -3.3527822192
   2.2633340215   -1.2071969402   -3.3527822192
   3.0623755285   -0.5148235330   -3.3527822192
   2.5251721103    0.4996324953   -4.0187319777
   2.0045116234    1.4014429121   -4.0187319777
   0.9631906495    1.4014429121   -4.0187319777
   0.4425301626    0.4996324953   -4.0187319777
   0.9631906495   -0.4021779216   -4.0187319777
   2.0045116234   -0.4021779216   -4.0187319777
   1.4838511364    0.4996324953   -4.2564066947
  -0.7117093513   -2.6811779227    3.4847185897
   0.3296116226   -2.6811779227    3.4847185897
  -1.9914372179   -2.3080092240    2.8187688312
  -1.4198266366   -3.1974526500    2.8187688312
  -0.4580877947   -3.6366640625    2.8187688312
   0.5884340207   -3.4861969412    2.8187688312
   1.3874755277   -2.7938235341    2.8187688312
  -2.2991601379   -2.7945803888    1.8564435483
  -1.6499071303   -3.6087179095    1.8564435483
  -0.7117093513   -4.0605301473    1.8564435483
   0.3296116226   -4.0605301473    1.8564435483
  -1.6499071303   -3.6087179095    0.7883430653
  -0.7117093513   -4.0605301473    0.7883430653
  -1.4198266366   -3.1974526500   -0.1739822177
   0.4845511360   -0.2668675051    4.2765933070
   1.5258721098   -0.2668675051    4.0389185900
   1.0052116229    0.6349429118    4.0389185900
  -0.0361093510    0.6349429118    4.0389185900
  -0.5567698379   -0.2668675051    4.0389185900
  -0.0361093510   -1.1686779220    4.0389185900
   1.0052116229   -1.1686779220    4.0389185900
   2.3609466939   -0.2668675051    3.3729688315
   2.0630755281    0.7475885232    3.3729688315
   1.2640340211    1.4399619303    3.3729688315
   0.2175122056    1.5904290516    3.3729688315
   2.0630755281   -1.2813235334    3.3729688315
   2.5926624095    0.7483453779    2.4106435485
   1.9434094019    1.5624828986    2.4106435485
  -1.8462488651    0.0670324951    4.1577933070
  -0.8049278913    0.0670324951    3.9201185899
  -1.3255883782    0.9688429119    3.9201185899
  -2.8875698390    0.0670324951    3.9201185899
  -2.3669093521   -0.8347779218    3.9201185899
  -1.3255883782   -0.8347779218    3.9201185899
  -3.6466372187   -0.4616092231    3.2541688314
  -3.0750266374   -1.3510526492    3.2541688314
  -2.1132877955   -1.7902640616    3.2541688314
  -3.9543601387   -0.9481803879    2.2918435485
  -3.3051071310   -1.7623179087    2.2918435485
  -4.0773601388   -1.7190803883    0.7407435477
  -3.4281071311   -2.5332179090    0.7407435477
  -2.4899093521   -2.9850301468    0.7407435477
  -4.0773601388   -1.7190803883   -0.3273569352
  -3.4281071311   -2.5332179090   -0.3273569352
  -2.4899093521   -2.9850301468   -0.3273569352
  -3.7696372187   -1.2325092235   -1.2896822182
  -3.1980266374   -2.1219526495   -1.2896822182
  -2.2362877956   -2.5611640620   -1.2896822182
  -3.0105698391   -0.7038675053   -1.9556319767
  -2.4899093521   -1.6056779222   -1.9556319767
  -0.6834488646    1.9315324959    3.1773933065
   0.3578721093    1.9315324959    2.9397185895
  -0.1627883776    2.8333429128    2.9397185895
   0.8950755275    2.9459885242    2.2737688310
   0.0960340205    3.6383619314    2.2737688310
   0.7754094013    3.7608828996    1.3114435480
  -0.1627883776    4.2126951374    1.3114435480
  -0.1627883776    4.2126951374    0.2433430650
  -4.6661266381   -0.2254526486    1.0623688304
  -5.7771758551    1.1926324956    0.1000435474
  -5.5454601395    0.1774196126    0.1000435474
  -4.8962071318   -0.6367179081    0.1000435474
  -5.7771758551    1.1926324956   -0.9680569355
  -5.5454601395    0.1774196126   -0.9680569355
  -4.8962071318   -0.6367179081   -0.9680569355
  -5.2377372194    1.7212742138   -1.9303822185
  -5.2377372194    0.6639907774   -1.9303822185
  -4.6661266381   -0.2254526486   -1.9303822185
  -3.7043877963   -0.6646640611   -1.9303822185
  -4.4786698398    1.1926324956   -2.5963319770
  -3.9580093528    0.2908220787   -2.5963319770
  -1.2249905996    4.5736829000   -0.3216564528
  -2.1631883786    5.0254951378   -0.3216564528
  -1.2249905996    4.5736829000   -1.3897569357
  -2.1631883786    5.0254951378   -1.3897569357
  -3.2045093525    5.0254951378   -1.3897569357
  -4.1427071314    4.5736829000   -1.3897569357
  -4.7919601391    3.7595453793   -1.3897569357
  -1.9043659804    4.4511619317   -2.3520822187
  -2.9508877959    4.6016290530   -2.3520822187
  -3.9126266378    4.1624176405   -2.3520822187
  -4.4842372191    3.2729742145   -2.3520822187
  -2.1631883786    3.6461429132   -3.0180319772
  -3.2045093525    3.6461429132   -3.0180319772
  -3.7251698394    2.7443324963   -3.0180319772
  -2.6838488655    2.7443324963   -3.2557066943
  -5.1014266383    4.2577176406    2.7038688312
  -5.6730372196    3.3682742145    2.7038688312
  -5.6730372196    2.3109907782    2.7038688312
  -4.3933093530    5.1207951378    1.7415435482
  -5.3315071320    4.6689829001    1.7415435482
  -5.9807601397    3.8548453793    1.7415435482
  -6.2124758553    2.8396324964    1.7415435482
  -5.9807601397    1.8244196134    1.7415435482
  -4.3933093530    5.1207951378    0.6734430652
  -5.3315071320    4.6689829001    0.6734430652
  -5.9807601397    3.8548453793    0.6734430652
  -6.2124758553    2.8396324964    0.6734430652
  -5.9807601397    1.8244196134    0.6734430652
  -5.1014266383    4.2577176406   -0.2888822177
  -5.6730372196    3.3682742145   -0.2888822177
  -5.6730372196    2.3109907782   -0.2888822177
  -2.9726488657    1.6708324958    4.2328933070
  -1.9313278918    1.6708324958    3.9952185900
  -4.0139698396    1.6708324958    3.9952185900
  -3.4933093526    0.7690220789    3.9952185900
  -2.4519883787    0.7690220789    3.9952185900
  -4.7730372192    1.1421907776    3.3292688315
  -4.2014266379    0.2527473516    3.3292688315
  -5.0807601392    0.6556196128    2.3669435485
  -4.4315071316   -0.1585179079    2.3669435485
  -4.4315071316   -0.1585179079    1.2988430655
  -1.2899071301   -2.9124179092   -1.4235569358
  -1.6314372177   -1.6117092237   -2.3858822187
  -1.0598266364   -2.5011526497   -2.3858822187
  -0.3517093511   -1.9848779224   -3.0518319772
   0.1689511358   -1.0830675055   -3.2895066943
   4.1111116244   -3.2559779230    2.0101185890
   5.4668466954   -2.3541675061    1.3441688305
   3.3234122071   -4.2114640628    1.3441688305
   4.3699340225   -4.0609969415    1.3441688305
   5.1689755295   -3.3686235344    1.3441688305
   5.9302781267   -2.3541675061    0.3818435476
   4.1111116244   -4.6353301476    0.3818435476
   5.0493094033   -4.1835179098    0.3818435476
   5.6985624110   -3.3693803891    0.3818435476
   5.9302781267   -2.3541675061   -0.6862569354
   4.1111116244   -4.6353301476   -0.6862569354
   5.0493094033   -4.1835179098   -0.6862569354
   5.6985624110   -3.3693803891   -0.6862569354
   5.4668466954   -2.3541675061   -1.6485822184
   4.3699340225   -4.0609969415   -1.6485822184
   5.1689755295   -3.3686235344   -1.6485822184
   4.6317721113   -2.3541675061   -2.3145319769
   4.1111116244   -3.2559779230   -2.3145319769
