Run semi-empirical minimization
 &qmmm
    qm_theory='AM1', grms_tol=0.0005,
 scfconv=1.d-10, ndiis_attempts=700,   qmcharge=0,
 /
   7    N1       18.1280       -0.5020       42.1640 
   6    C1       21.9090       -3.5670       40.8230 
   8    O1       24.2000       -4.4640       40.9570 
   6    C2       22.0520       -2.2980       40.0920 
   8    O2       22.5780       -5.7630       40.3660 
   6    C3       20.7430       -1.6000       39.9020 
   6    C4       19.8410       -1.6570       41.0620 
   6    C5       19.7300       -2.9920       41.7890 
   6    C6       21.0410       -3.6860       42.0220 
   6    C7       18.3710       -1.0160       40.8590 
   6    C8       23.0010       -4.6150       40.7470 
   1    H1       20.9140       -0.5640       39.6060 
   1    H2       20.2290       -2.0620       39.0570 
   1    H3       22.7120       -1.6500       40.6710 
   1    H4       22.5480       -2.4470       39.1310 
   1    H5       20.8730       -4.7260       42.3100 
   1    H6       21.5490       -3.2130       42.8640 
   1    H7       19.2180       -2.8800       42.7450 
   1    H8       19.0950       -3.6500       41.1940 
   1    H9       20.3810       -1.0150       41.7650 
   1   H10       17.6270       -1.7540       40.5530 
   1   H11       18.3800       -0.2020       40.1320 
   1   H12       17.1920       -0.1070       42.1950 
   1   H13       18.0910       -1.2760       42.8200 
   1   H14       21.2330       -4.0300       40.0980 
   1   H15       24.6550       -5.3010       40.8350 

